# Created by Octave 3.2.4, Wed Aug 29 16:15:06 2012 Pacific Daylight Time <unknown@unknown>
# name: J_history
# type: matrix
# rows: 50
# columns: 1
 53294079419.24951
 43427073067.89616
 35499635425.21072
 29122571721.06582
 23986667348.8569
 19845773040.11999
 16503590007.11766
 13803314822.50311
 11619502166.18111
 9851653321.075932
 8419151757.715208
 7257253419.552913
 6313905159.886339
 5547215209.267676
 4923438315.93996
 4415368104.849247
 4001052348.560946
 3662764822.2974
 3386181424.843304
 3159719197.521467
 2974005458.123919
 2821451015.551957
 2695906750.544816
 2592387051.287717
 2506846921.739851
 2436002222.71376
 2377184606.916689
 2328224383.138515
 2287355880.615621
 2253140952.235452
 2224407109.705773
 2200197468.522927
 2179730229.884959
 2162365867.83953
 2147580544.56492
 2134944561.971616
 2124104887.508007
 2114770977.117746
 2106703267.493427
 2099703830.1208
 2093608776.736805
 2088282084.249811
 2083610570.52002
 2079499803.589591
 2075870768.333606
 2072657147.965326
 2069803104.895973
 2067261467.349069
 2064992245.853307
 2062961418.085968
# name: X
# type: matrix
# rows: 3
# columns: 2
 1 1
 1 2
 1 3
# name: alpha
# type: scalar
0.1
# name: data
# type: matrix
# rows: 47
# columns: 3
 2104 3 399900
 1600 3 329900
 2400 3 369000
 1416 2 232000
 3000 4 539900
 1985 4 299900
 1534 3 314900
 1427 3 198999
 1380 3 212000
 1494 3 242500
 1940 4 239999
 2000 3 347000
 1890 3 329999
 4478 5 699900
 1268 3 259900
 2300 4 449900
 1320 2 299900
 1236 3 199900
 2609 4 499998
 3031 4 599000
 1767 3 252900
 1888 2 255000
 1604 3 242900
 1962 4 259900
 3890 3 573900
 1100 3 249900
 1458 3 464500
 2526 3 469000
 2200 3 475000
 2637 3 299900
 1839 2 349900
 1000 1 169900
 2040 4 314900
 3137 3 579900
 1811 4 285900
 1437 3 249900
 1239 3 229900
 2132 4 345000
 4215 4 549000
 2162 4 287000
 1664 2 368500
 2238 3 329900
 2567 4 314000
 1200 3 299000
 852 2 179900
 1852 4 299900
 1203 3 239500
# name: i
# type: scalar
10
# name: j
# type: scalar
2.333333333333333
# name: m
# type: scalar
47
# name: mu
# type: matrix
# rows: 1
# columns: 2
 2000.68085106383 3.170212765957447
# name: num_iters
# type: scalar
50
# name: price
# type: scalar
0
# name: sigma
# type: matrix
# rows: 1
# columns: 2
 794.7023535338897 0.7609818867800998
# name: theta
# type: matrix
# rows: 2
# columns: 1
 0
 0
# name: v
# type: matrix
# rows: 10
# columns: 1
 2
 4
 8
 16
 32
 64
 128
 256
 512
 1024
# name: y
# type: matrix
# rows: 3
# columns: 1
 1
 2
 3
